velikosti odchylek délky jednoho cyklu od průměru a sekunda, kde se nacházejí:
22. 0.195438 20.642000
35. 0.617438 30.962000
tepová frekvence: 70.588235 tepů za minutu
průměrná amplituda R kmitů: 0.682751 mV
velikosti odchylek amplitudy R kmitu od průměru a sekunda, kde se nacházejí:
22. 0.387493 20.642000
23. 0.051342 21.246000
24. 0.033947 21.922000
25. 0.023876 22.640000
26. 0.059429 23.386000
27. 0.028759 24.152000
28. 0.015942 24.948000
29. 0.019757 25.790000
30. 0.012592 26.670000
31. 0.002514 27.562000
32. 0.006634 28.438000
33. 0.013813 29.278000
34. 0.036091 30.106000
35. 0.005108 30.962000
36. 0.021137 31.144000
37. 0.046314 31.856000
38. 0.060047 32.620000
39. 0.116345 33.402000
40. 0.040203 34.210000
41. 0.044476 34.990000
42. 0.000995 35.718000
43. 0.015491 36.422000
44. 0.020062 37.108000
45. 0.035168 37.798000
46. 0.007709 38.560000
47. 0.054706 39.382000
48. 0.028156 40.248000
49. 0.041736 41.132000
50. 0.003437 41.992000
51. 0.016552 42.770000
52. 0.036846 43.500000
53. 0.030285 44.226000
54. 0.047375 44.948000
55. 0.018085 45.718000
56. 0.038830 46.520000
57. 0.043866 47.328000
58. 0.039746 48.154000
59. 0.040203 48.970000
60. 0.010608 49.726000
61. 0.017010 50.456000
62. 0.020527 51.168000
63. 0.034710 51.870000
64. 0.011364 52.588000
65. 0.006024 53.346000
